%YAML:1.0
---
stamp: "2025-08-12T12:58:28.847717+00:00"
frames:
   parent: base
   child: camera
T_base_cam: !!opencv-matrix
   rows: 4
   cols: 4
   dt: d
   data: [ -0.99968184089967849, -0.0059126286842278442,
       -0.024520558669663961, 0.18923424770394076, -0.015896164979188332,
       -0.60710390519068402, 0.79446344172729266, -0.19468733947721251,
       -0.019583894259937396, 0.7946004587994292, 0.60681676143738161,
       -0.08543459010335587, 0., 0., 0., 1. ]
T_cam_base: !!opencv-matrix
   rows: 4
   cols: 4
   dt: d
   data: [ -0.99968184089967849, -0.015896164979188332,
       -0.019583894259937396, 0.18440611705952703,
       -0.0059126286842278442, -0.60710390519068402, 0.7946004587994292,
       -0.049190207753319795, -0.024520558669663961, 0.79446344172729266,
       0.60681676143738161, 0.21115524453617884, 0., 0., 0., 1. ]
base_to_cam:
   translation: !!opencv-matrix
      rows: 3
      cols: 1
      dt: d
      data: [ 0.18923424770394076, -0.19468733947721251,
          -0.08543459010335587 ]
   quaternion_xyzw: !!opencv-matrix
      rows: 4
      cols: 1
      dt: d
      data: [ -0.012301451678804892, 0.44321585437335526,
          0.89632618330713509, -0.0027845711976539262 ]
cam_to_base:
   translation: !!opencv-matrix
      rows: 3
      cols: 1
      dt: d
      data: [ 0.18440611705952703, -0.049190207753319795,
          0.21115524453617884 ]
   quaternion_xyzw: !!opencv-matrix
      rows: 4
      cols: 1
      dt: d
      data: [ -0.012301451678804892, 0.44321585437335526,
          0.89632618330713509, 0.0027845711976539262 ]
